2 0.378125 0.2140625 0.084375 0.034375
2 0.55078125 0.21328125 0.0859375 0.034375
2 0.4140625 0.51484375 0.0875 0.0375
2 0.525 0.71875 0.034375 0.084375
2 0.753125 0.71875 0.0375 0.084375
1 0.2984375 0.73515625 0.0375 0.0828125
1 0.359375 0.73359375 0.0375 0.0828125
3 0.36875 0.34765625 0.13125 0.0609375
3 0.60625 0.33984375 0.128125 0.0609375
3 0.6890625 0.52109375 0.06875 0.0578125
3 0.13515625 0.74140625 0.1515625 0.0796875
0 0.253125 0.52734375 0.1265625 0.1125
0 0.6140625 0.72578125 0.1046875 0.115625
0 0.4375 0.7296875 0.1015625 0.1140625