0 0.11875 0.5359375 0.1515625 0.128125
0 0.26484375 0.540625 0.115625 0.1046875
0 0.434375 0.753125 0.103125 0.115625
0 0.61171875 0.7578125 0.103125 0.1140625
2 0.40078125 0.23828125 0.0890625 0.040625
2 0.57421875 0.2453125 0.084375 0.0375
2 0.84765625 0.31953125 0.065625 0.1640625
2 0.42109375 0.5390625 0.0859375 0.0359375
3 0.69453125 0.56484375 0.0703125 0.059375
1 0.2890625 0.7546875 0.0375 0.0875
1 0.35625 0.75625 0.0375 0.090625
2 0.525 0.7515625 0.0375 0.0828125
2 0.75234375 0.76171875 0.0359375 0.08125