1 0.2828125 0.75859375 0.03671875 0.0875
1 0.346875 0.7578125 0.03515625 0.08359375
3 0.371875 0.38203125 0.125 0.0625
3 0.6015625 0.3734375 0.12578125 0.0546875
3 0.68671875 0.553125 0.0671875 0.05390625
3 0.134375 0.76484375 0.1328125 0.075
2 0.3796875 0.24453125 0.0796875 0.03359375
2 0.5515625 0.2453125 0.08125 0.0375
2 0.825 0.309375 0.05546875 0.15234375
2 0.515625 0.7484375 0.0328125 0.078125
2 0.67578125 0.7515625 0.0359375 0.07734375
2 0.740625 0.74921875 0.0328125 0.0796875
2 0.41171875 0.540625 0.0796875 0.0359375