2 0.11015625 0.3734375 0.15625 0.1390625
2 0.22578125 0.628125 0.0734375 0.0828125
2 0.32734375 0.765625 0.0765625 0.084375
2 0.5421875 0.5578125 0.075 0.0828125
2 0.640625 0.3484375 0.0859375 0.0765625
2 0.54453125 0.2234375 0.0828125 0.075
2 0.50625 0.16953125 0.08125 0.0734375
3 0.29296875 0.50703125 0.1296875 0.14375
3 0.440625 0.6828125 0.1234375 0.1328125
3 0.8859375 0.63671875 0.146875 0.1578125
3 0.45546875 0.42421875 0.0828125 0.0859375
1 0.75234375 0.48046875 0.090625 0.08125
1 0.7859375 0.521875 0.090625 0.08125