1 0.41796875 0.82734375 0.071875 0.0953125
1 0.475 0.79921875 0.06875 0.090625
3 0.3328125 0.45 0.1390625 0.1109375
3 0.5359375 0.34140625 0.1375 0.1046875
3 0.69140625 0.465625 0.084375 0.078125
3 0.2875 0.8984375 0.1515625 0.125
2 0.2796875 0.3234375 0.0859375 0.065625
2 0.434375 0.2484375 0.0890625 0.06875
2 0.70859375 0.1859375 0.1171875 0.1609375
2 0.62265625 0.71640625 0.0640625 0.084375
2 0.76796875 0.64921875 0.065625 0.0859375
2 0.82578125 0.61875 0.0640625 0.0859375
2 0.43828125 0.575 0.0875 0.0671875