1 0.65078125 0.27109375 0.03828125 0.0890625
3 0.41953125 0.47734375 0.0640625 0.0625
3 0.86796875 0.2609375 0.14609375 0.08046875
3 0.37890625 0.66171875 0.1359375 0.059375
3 0.62109375 0.65390625 0.13125 0.0671875
2 0.24140625 0.271875 0.03203125 0.084375
2 0.30859375 0.27578125 0.03515625 0.08515625
2 0.4734375 0.275 0.03359375 0.08359375
2 0.58359375 0.490625 0.08828125 0.034375
2 0.15390625 0.72578125 0.059375 0.15859375
2 0.4359375 0.7953125 0.084375 0.03828125
2 0.6125 0.7984375 0.08828125 0.03828125