1 0.6546875 0.2453125 0.0328125 0.08984375
1 0.7125 0.2453125 0.03203125 0.08984375
2 0.58828125 0.46484375 0.0890625 0.03671875
2 0.4796875 0.25390625 0.03359375 0.08671875
2 0.246875 0.246875 0.034375 0.08359375
2 0.43828125 0.76484375 0.0796875 0.03515625
2 0.615625 0.7703125 0.0828125 0.03828125
3 0.30859375 0.45234375 0.06875 0.05703125
3 0.428125 0.4515625 0.065625 0.059375
3 0.38125 0.6390625 0.13515625 0.06015625
3 0.62109375 0.63671875 0.13125 0.059375
3 0.87265625 0.24296875 0.14765625 0.07578125
0 0.74921875 0.45859375 0.11953125 0.10625
0 0.384375 0.2453125 0.1140625 0.11328125
0 0.5703125 0.246875 0.1015625 0.1140625