3 0.290625 0.484375 0.07109375 0.0515625
3 0.415625 0.48125 0.0640625 0.04921875
3 0.85390625 0.26640625 0.14765625 0.0828125
3 0.3734375 0.6578125 0.13203125 0.06171875
3 0.60625 0.6609375 0.12734375 0.0578125
2 0.428125 0.78671875 0.08515625 0.0390625
2 0.60234375 0.79140625 0.0875 0.03515625
2 0.575 0.48984375 0.08203125 0.0375
2 0.14921875 0.72578125 0.05703125 0.15390625
2 0.23984375 0.27734375 0.0328125 0.08125
2 0.30625 0.27890625 0.034375 0.084375
2 0.46796875 0.28046875 0.03359375 0.08359375