1 0.2796875 0.28359375 0.09609375 0.034375
1 0.28203125 0.3390625 0.0984375 0.0328125
3 0.4828125 0.575 0.05625 0.06796875
3 0.278125 0.1234375 0.07265625 0.14921875
3 0.66171875 0.37578125 0.0609375 0.12890625
3 0.66640625 0.6140625 0.0625 0.12890625
2 0.49765625 0.41171875 0.0328125 0.0828125
2 0.728125 0.8421875 0.153125 0.053125
2 0.7953125 0.56171875 0.0328125 0.08125
2 0.8015625 0.38828125 0.0328125 0.08515625
2 0.284375 0.51796875 0.0828125 0.0328125
2 0.278125 0.68046875 0.0875 0.034375
2 0.27578125 0.7484375 0.08828125 0.034375