0 0.77109375 0.4984375 0.14375 0.14375
0 0.6890625 0.66015625 0.14375 0.1375
2 0.7265625 0.58125 0.0953125 0.0703125
2 0.8265625 0.378125 0.1 0.0734375
2 0.29296875 0.3234375 0.0671875 0.090625
2 0.49140625 0.5828125 0.0671875 0.090625
2 0.2140625 0.475 0.0703125 0.0921875
1 0.6546875 0.73671875 0.1015625 0.071875
1 0.63046875 0.78515625 0.1 0.0734375
0 0.425 0.72421875 0.1484375 0.1546875
3 0.62421875 0.34375 0.0828125 0.090625
3 0.571875 0.446875 0.084375 0.0875
3 0.428125 0.3296875 0.1109375 0.1421875
3 0.3265625 0.540625 0.1078125 0.1390625
3 0.5625 0.92109375 0.128125 0.1578125