2 0.3859375 0.18671875 0.09453125 0.03515625
2 0.5625 0.1921875 0.0859375 0.03203125
2 0.41484375 0.4921875 0.0890625 0.03359375
2 0.5203125 0.70625 0.03515625 0.08203125
2 0.74921875 0.70859375 0.0328125 0.084375
3 0.69453125 0.50703125 0.07265625 0.05703125
3 0.37578125 0.31953125 0.13046875 0.06328125
3 0.61328125 0.31640625 0.12890625 0.0640625
3 0.12421875 0.7125 0.15 0.06875
0 0.25390625 0.49296875 0.11796875 0.10546875
0 0.4296875 0.70703125 0.09921875 0.1140625
0 0.60703125 0.71015625 0.1015625 0.11953125