0 0.74296875 0.3796875 0.1078125 0.10703125
0 0.73984375 0.5609375 0.1109375 0.09921875
2 0.7390625 0.4734375 0.08984375 0.03359375
2 0.73984375 0.24765625 0.09453125 0.03515625
2 0.23671875 0.43203125 0.034375 0.08359375
2 0.528125 0.578125 0.034375 0.08359375
2 0.23203125 0.603125 0.03671875 0.08515625
1 0.74296875 0.64453125 0.096875 0.03203125
1 0.7421875 0.69921875 0.0953125 0.034375
0 0.53125 0.734375 0.10703125 0.11953125
3 0.54296875 0.30546875 0.0578125 0.071875
3 0.54140625 0.42109375 0.0609375 0.06796875
3 0.3609375 0.378125 0.0609375 0.128125
3 0.36171875 0.6125 0.059375 0.12578125
3 0.74296875 0.8546875 0.0703125 0.1484375