2 0.1875 0.3546875 0.0609375 0.096875
2 0.40546875 0.2796875 0.0609375 0.0984375
2 0.5765625 0.44453125 0.096875 0.0625
2 0.70546875 0.721875 0.0921875 0.0609375
2 0.5359375 0.7765625 0.0875 0.059375
0 0.31875 0.30234375 0.1375 0.1453125
0 0.490625 0.24296875 0.13125 0.1421875
0 0.7265625 0.3859375 0.1484375 0.1375
1 0.621875 0.1984375 0.0609375 0.0953125
3 0.30859375 0.525 0.08125 0.0734375
3 0.44296875 0.67421875 0.1421875 0.0984375
3 0.66796875 0.5953125 0.1421875 0.09375
3 0.77578125 0.140625 0.165625 0.1171875