1 0.603125 0.2203125 0.05 0.09375
1 0.66015625 0.209375 0.0484375 0.09375
2 0.5796875 0.4484375 0.09375 0.053125
2 0.4328125 0.2625 0.05 0.0921875
2 0.203125 0.3 0.05 0.0890625
2 0.48984375 0.771875 0.084375 0.05
2 0.66484375 0.74296875 0.0890625 0.053125
3 0.303125 0.48984375 0.078125 0.06875
3 0.4203125 0.46640625 0.075 0.0703125
3 0.41015625 0.659375 0.14375 0.084375
3 0.6453125 0.6109375 0.140625 0.0828125
3 0.81640625 0.1765625 0.159375 0.103125
0 0.73671875 0.41171875 0.1375 0.1265625
0 0.33828125 0.271875 0.1328125 0.1328125
0 0.52109375 0.23828125 0.121875 0.13125