0 0.3765625 0.240625 0.10546875 0.1234375
0 0.56171875 0.24140625 0.10234375 0.121875
0 0.74921875 0.4640625 0.12265625 0.1109375
3 0.88125 0.2328125 0.15625 0.078125
3 0.621875 0.64765625 0.1359375 0.0609375
3 0.37265625 0.65390625 0.14296875 0.0640625
2 0.58515625 0.4703125 0.09296875 0.03203125
2 0.4328125 0.78515625 0.09296875 0.034375
2 0.61796875 0.7875 0.09140625 0.0359375
2 0.22734375 0.24765625 0.03515625 0.09375
2 0.46953125 0.2484375 0.0328125 0.0921875
3 0.28515625 0.45703125 0.07421875 0.0609375