1 0.21640625 0.3765625 0.1015625 0.0671875
1 0.2390625 0.428125 0.103125 0.065625
3 0.5109375 0.5765625 0.0765625 0.084375
3 0.1578125 0.228125 0.121875 0.165625
3 0.60625 0.32578125 0.103125 0.1421875
3 0.69609375 0.546875 0.1046875 0.1421875
2 0.46640625 0.41875 0.0609375 0.0890625
2 0.8359375 0.7375 0.1625 0.1046875
2 0.79765625 0.4515625 0.059375 0.0875
2 0.74140625 0.2875 0.0609375 0.090625
2 0.30546875 0.59375 0.0890625 0.0609375
2 0.3578125 0.74765625 0.09375 0.0640625
2 0.3796875 0.8125 0.0953125 0.0640625