2 0.46015625 0.41328125 0.03359375 0.08515625
2 0.76953125 0.384375 0.03671875 0.08984375
2 0.76640625 0.56015625 0.034375 0.08515625
2 0.69609375 0.8453125 0.159375 0.05703125
2 0.24609375 0.521875 0.0828125 0.034375
2 0.24296875 0.6875 0.0859375 0.0375
2 0.2421875 0.75546875 0.090625 0.0359375
3 0.2328125 0.12109375 0.08125 0.153125
3 0.62734375 0.37421875 0.0703125 0.13359375
3 0.63515625 0.6140625 0.059375 0.1328125
3 0.44609375 0.578125 0.05625 0.06796875
1 0.23984375 0.28515625 0.08984375 0.0375