0 0.40625 0.27890625 0.1234375 0.128125
0 0.3703125 0.1375 0.153125 0.165625
0 0.24765625 0.4921875 0.128125 0.1203125
0 0.290625 0.659375 0.1265625 0.1234375
3 0.49609375 0.68984375 0.0671875 0.071875
1 0.21328125 0.35234375 0.1 0.05625
1 0.2296875 0.41796875 0.1 0.0546875
2 0.44609375 0.4234375 0.0515625 0.0859375
2 0.2765625 0.57421875 0.09375 0.053125
2 0.32421875 0.78984375 0.0875 0.0515625
2 0.72421875 0.32578125 0.05 0.0875
2 0.7609375 0.4921875 0.05 0.08125
2 0.7671875 0.7671875 0.1640625 0.0921875