3 0.240625 0.13359375 0.078125 0.15
3 0.6390625 0.3859375 0.05390625 0.13359375
3 0.63984375 0.62890625 0.06015625 0.1359375
3 0.45546875 0.70625 0.05390625 0.065625
1 0.24609375 0.29609375 0.1015625 0.0390625
1 0.2453125 0.36015625 0.09453125 0.0328125
2 0.46796875 0.4203125 0.03359375 0.0921875
2 0.7765625 0.39296875 0.03515625 0.08359375
2 0.77265625 0.5734375 0.03359375 0.08515625
2 0.25390625 0.53125 0.08125 0.03671875
2 0.24921875 0.76640625 0.08203125 0.034375
0 0.4609375 0.259375 0.10859375 0.11796875
0 0.2453125 0.4421875 0.1109375 0.10078125
0 0.2453125 0.625 0.1140625 0.10859375