2 0.40078125 0.22109375 0.090625 0.0421875
2 0.57578125 0.2359375 0.08125 0.0421875
2 0.85390625 0.32265625 0.0734375 0.15
2 0.409375 0.53046875 0.0890625 0.04375
2 0.50234375 0.7515625 0.0390625 0.084375
2 0.6671875 0.765625 0.0390625 0.0875
2 0.7359375 0.7703125 0.0390625 0.0890625
3 0.38046875 0.365625 0.134375 0.075
3 0.61796875 0.37265625 0.134375 0.0703125
3 0.57109375 0.55546875 0.075 0.0625
3 0.6890625 0.56328125 0.0796875 0.0625
3 0.10234375 0.74296875 0.153125 0.0953125
1 0.2625 0.74140625 0.0421875 0.0875