3 0.21953125 0.17109375 0.096875 0.1609375
3 0.6390625 0.37734375 0.071875 0.134375
3 0.66484375 0.62109375 0.0734375 0.1359375
3 0.4859375 0.7171875 0.0609375 0.078125
1 0.2421875 0.3296875 0.096875 0.0453125
1 0.25078125 0.3953125 0.096875 0.046875
0 0.45078125 0.271875 0.121875 0.1328125
0 0.2671875 0.65625 0.1375 0.1171875
2 0.27109375 0.56328125 0.0921875 0.04375
2 0.4734375 0.43203125 0.0421875 0.09375
2 0.778125 0.375 0.0453125 0.0984375
2 0.790625 0.55390625 0.046875 0.096875
2 0.290625 0.79765625 0.0984375 0.046875