2 0.4625 0.721875 0.05625 0.084375
2 0.61484375 0.775 0.0578125 0.084375
2 0.67734375 0.79609375 0.0578125 0.0859375
2 0.43046875 0.4890625 0.0828125 0.0546875
2 0.4953125 0.19609375 0.090625 0.0609375
2 0.6578125 0.25234375 0.0921875 0.059375
2 0.89921875 0.39921875 0.1015625 0.159375
3 0.57890625 0.55 0.078125 0.071875
3 0.4453125 0.32421875 0.1375 0.0984375
3 0.66875 0.38984375 0.1421875 0.096875
3 0.09453125 0.61171875 0.15625 0.1109375
1 0.24296875 0.65625 0.0609375 0.0953125
1 0.2953125 0.671875 0.059375 0.090625