0 0.746875 0.38828125 0.1109375 0.1109375
0 0.7375 0.56953125 0.1140625 0.103125
2 0.73984375 0.48203125 0.090625 0.0359375
2 0.7484375 0.25625 0.0953125 0.0390625
2 0.2390625 0.42265625 0.0375 0.084375
2 0.525 0.57890625 0.0375 0.084375
2 0.22890625 0.59375 0.0390625 0.0859375
1 0.7375 0.653125 0.0984375 0.0359375
1 0.73515625 0.7078125 0.096875 0.0375
0 0.5234375 0.73515625 0.1109375 0.1234375
3 0.55 0.30703125 0.0609375 0.0734375
3 0.54375 0.42265625 0.0625 0.0703125
3 0.365625 0.3734375 0.065625 0.1296875
3 0.3578125 0.6078125 0.0640625 0.128125
3 0.73046875 0.86328125 0.075 0.1515625