0 0.1203125 0.54921875 0.14765625 0.12265625
0 0.26640625 0.5484375 0.11171875 0.10078125
0 0.44296875 0.75546875 0.09921875 0.11171875
0 0.6203125 0.75390625 0.09921875 0.1109375
2 0.39140625 0.2421875 0.08828125 0.0375
2 0.565625 0.24296875 0.08359375 0.03515625
2 0.84140625 0.3078125 0.059375 0.16171875
2 0.42265625 0.54140625 0.084375 0.03359375
3 0.696875 0.5578125 0.06796875 0.05703125
1 0.2984375 0.76171875 0.034375 0.0859375
1 0.365625 0.7609375 0.034375 0.0890625
2 0.53359375 0.75078125 0.03515625 0.08203125
2 0.76171875 0.753125 0.0328125 0.08046875