3 0.3921875 0.08359375 0.128125 0.1671875
3 0.67890625 0.45 0.1 0.1421875
3 0.5953125 0.68125 0.1015625 0.14375
3 0.3921875 0.6890625 0.075 0.0859375
1 0.34296875 0.234375 0.1 0.065625
1 0.321875 0.29609375 0.1015625 0.0671875
0 0.55625 0.2734375 0.1453125 0.1515625
0 0.22265625 0.53828125 0.1546875 0.140625
2 0.26640625 0.45625 0.0953125 0.0625
2 0.50546875 0.42734375 0.0609375 0.096875
2 0.8046875 0.509375 0.065625 0.1015625
2 0.7375 0.6765625 0.0671875 0.1
2 0.18125 0.67578125 0.103125 0.0671875