2 0.3828125 0.21171875 0.084375 0.03359375
2 0.55546875 0.2140625 0.0859375 0.03359375
2 0.4140625 0.51328125 0.08671875 0.03671875
2 0.52109375 0.71953125 0.03359375 0.08359375
2 0.74921875 0.7234375 0.03671875 0.08359375
1 0.29453125 0.73125 0.03671875 0.08203125
1 0.35546875 0.73125 0.03671875 0.08203125
3 0.37109375 0.3453125 0.1296875 0.059375
3 0.609375 0.34140625 0.12734375 0.059375
3 0.68828125 0.52421875 0.0671875 0.05625
3 0.13125 0.73515625 0.15078125 0.07734375
0 0.25234375 0.52265625 0.12421875 0.11015625
0 0.61015625 0.728125 0.103125 0.1140625
0 0.43359375 0.72890625 0.1 0.1125