2 0.28984375 0.56015625 0.090625 0.05
2 0.47109375 0.43046875 0.046875 0.0796875
2 0.74765625 0.36015625 0.0484375 0.084375
2 0.77109375 0.52265625 0.0453125 0.0890625
2 0.7515625 0.7875 0.1421875 0.0765625
2 0.32265625 0.77421875 0.08125 0.0453125
2 0.31484375 0.709375 0.0875 0.0515625
3 0.22578125 0.20078125 0.0984375 0.1515625
3 0.61640625 0.3734375 0.08125 0.134375
3 0.66171875 0.58828125 0.0703125 0.128125
3 0.4828125 0.5828125 0.0609375 0.071875
3 0.49921875 0.69140625 0.065625 0.075
1 0.2625 0.39765625 0.0890625 0.0484375