0 0.1078125 0.49921875 0.14609375 0.125
0 0.25625 0.50234375 0.11015625 0.10078125
0 0.6140625 0.71875 0.1109375 0.1234375
0 0.43125 0.71484375 0.1015625 0.11640625
3 0.1296875 0.71875 0.146875 0.07734375
3 0.5765625 0.50703125 0.07109375 0.05703125
3 0.69140625 0.51328125 0.0703125 0.06328125
1 0.28515625 0.71328125 0.034375 0.090625
1 0.34765625 0.71484375 0.03359375 0.08984375
2 0.3875 0.18984375 0.08671875 0.03515625
2 0.5625 0.19140625 0.0859375 0.034375
2 0.41484375 0.49609375 0.0890625 0.0359375
2 0.52265625 0.70859375 0.0328125 0.08125
2 0.75234375 0.7109375 0.03359375 0.08203125
2 0.84140625 0.265625 0.059375 0.1578125