0 0.54609375 0.2640625 0.13125 0.134375
0 0.5953125 0.12734375 0.1640625 0.1734375
0 0.2953125 0.35234375 0.134375 0.128125
0 0.2375 0.51484375 0.134375 0.1296875
3 0.390625 0.6546875 0.071875 0.075
1 0.3453125 0.2171875 0.1 0.0640625
1 0.321875 0.28046875 0.1 0.0625
2 0.4984375 0.40625 0.059375 0.0859375
2 0.27265625 0.43671875 0.09375 0.0609375
2 0.1921875 0.6421875 0.0890625 0.0578125
2 0.7828125 0.48046875 0.05625 0.0875
2 0.72109375 0.63984375 0.05625 0.0828125
2 0.571875 0.87109375 0.165625 0.10625