3 0.36640625 0.07734375 0.1203125 0.1546875
3 0.6671875 0.434375 0.0921875 0.14375
3 0.59296875 0.665625 0.1 0.1484375
3 0.39375 0.68203125 0.071875 0.0796875
1 0.321875 0.22734375 0.109375 0.06875
1 0.30078125 0.28828125 0.1 0.0609375
2 0.49453125 0.4140625 0.0609375 0.0984375
2 0.79609375 0.48359375 0.059375 0.090625
2 0.73671875 0.65390625 0.0578125 0.090625
2 0.25625 0.45390625 0.0890625 0.059375
2 0.17890625 0.67578125 0.0890625 0.0578125
0 0.5375 0.259375 0.1390625 0.1453125
0 0.27578125 0.36640625 0.1359375 0.1296875
0 0.21953125 0.53984375 0.1421875 0.1390625