0 0.6765625 0.3171875 0.134375 0.1328125
0 0.7328125 0.48671875 0.1359375 0.1328125
0 0.5859375 0.71796875 0.1359375 0.14375
3 0.45625 0.309375 0.0765625 0.0859375
3 0.31015625 0.43984375 0.0984375 0.1453125
3 0.38359375 0.659375 0.0984375 0.1390625
3 0.82578125 0.76640625 0.1171875 0.1625
1 0.75703125 0.5578125 0.1 0.0640625
1 0.775 0.61640625 0.09375 0.0609375
2 0.62734375 0.1875 0.090625 0.0609375
2 0.69609375 0.40546875 0.09375 0.0609375
2 0.53203125 0.57109375 0.059375 0.0875
2 0.20625 0.5296875 0.05625 0.0859375
2 0.2578125 0.69140625 0.059375 0.0890625