1 0.78671875 0.5578125 0.0953125 0.0609375
3 0.5234375 0.4046875 0.0734375 0.0765625
3 0.33515625 0.4234375 0.1015625 0.1484375
3 0.42109375 0.64765625 0.1078125 0.1453125
3 0.86953125 0.75390625 0.1265625 0.165625
2 0.2046875 0.2375 0.1671875 0.10625
2 0.23046875 0.52265625 0.059375 0.0890625
2 0.28359375 0.69140625 0.059375 0.0859375
2 0.5609375 0.5640625 0.059375 0.0859375
2 0.7265625 0.39140625 0.0921875 0.0609375
2 0.67421875 0.2390625 0.090625 0.059375
2 0.6546875 0.1734375 0.090625 0.0609375