1 0.2875 0.27578125 0.096875 0.0375
1 0.2875 0.33125 0.1 0.0359375
3 0.48046875 0.57421875 0.0578125 0.0703125
3 0.29140625 0.115625 0.078125 0.1515625
3 0.665625 0.38125 0.065625 0.13125
3 0.6625 0.61953125 0.0671875 0.13125
2 0.50078125 0.41171875 0.0359375 0.084375
2 0.71640625 0.85 0.1546875 0.0578125
2 0.79296875 0.571875 0.0359375 0.0828125
2 0.80546875 0.39921875 0.0359375 0.0859375
2 0.28359375 0.51015625 0.084375 0.0359375
2 0.271875 0.67265625 0.0890625 0.0375
2 0.2671875 0.740625 0.0890625 0.0375