2 0.91015625 0.4890625 0.1328125 0.165625
2 0.56171875 0.1890625 0.0953125 0.078125
2 0.70859375 0.28515625 0.090625 0.075
2 0.425 0.4640625 0.09375 0.0765625
2 0.40234375 0.70078125 0.075 0.0921875
2 0.59765625 0.8234375 0.075 0.090625
3 0.55703125 0.559375 0.0875 0.0828125
3 0.65 0.62734375 0.0859375 0.084375
3 0.07109375 0.50078125 0.1421875 0.1421875
3 0.48203125 0.296875 0.1375 0.115625
3 0.68984375 0.421875 0.14375 0.121875
0 0.16171875 0.30625 0.190625 0.184375
0 0.28671875 0.38515625 0.146875 0.1453125
0 0.32421875 0.6578125 0.146875 0.1515625
0 0.47734375 0.75859375 0.159375 0.1625
1 0.19609375 0.58203125 0.078125 0.096875
1 0.24921875 0.61328125 0.08125 0.1015625