0 0.1375 0.378125 0.1859375 0.175
0 0.26875 0.44140625 0.1453125 0.1390625
0 0.33671875 0.7046875 0.1375 0.14375
0 0.496875 0.78125 0.1375 0.14375
2 0.515625 0.2203125 0.0953125 0.071875
2 0.671875 0.29765625 0.090625 0.06875
2 0.89140625 0.4765625 0.125 0.171875
2 0.4125 0.503125 0.090625 0.0671875
3 0.6515625 0.63828125 0.0859375 0.08125
1 0.20390625 0.646875 0.06875 0.0921875
1 0.26484375 0.67578125 0.0703125 0.0953125
2 0.4203125 0.73984375 0.0671875 0.0890625
2 0.62421875 0.8421875 0.0640625 0.0859375