2 0.27109375 0.16015625 0.15546875 0.0546875
2 0.20546875 0.43203125 0.03125 0.0796875
2 0.20078125 0.603125 0.0359375 0.078125
2 0.49765625 0.57109375 0.0328125 0.0796875
2 0.70390625 0.4671875 0.08203125 0.03359375
2 0.70546875 0.309375 0.08203125 0.03046875
2 0.70859375 0.24375 0.078125 0.0328125
3 0.3328125 0.378125 0.0578125 0.13671875
3 0.340625 0.60703125 0.06328125 0.11875
3 0.71953125 0.8453125 0.07734375 0.1390625
3 0.51171875 0.4125 0.0515625 0.06796875
1 0.7109375 0.63984375 0.08984375 0.03203125
1 0.71171875 0.69296875 0.08828125 0.03359375