1 0.6234375 0.2921875 0.0328125 0.084375
3 0.2890625 0.4890625 0.071875 0.0578125
3 0.8265625 0.28203125 0.1359375 0.07421875
3 0.36640625 0.6671875 0.13125 0.05390625
3 0.59375 0.65625 0.12265625 0.0578125
2 0.23203125 0.29921875 0.034375 0.08515625
2 0.296875 0.2984375 0.03203125 0.084375
2 0.45234375 0.3015625 0.03203125 0.08046875
2 0.55859375 0.50078125 0.0796875 0.03203125
2 0.58828125 0.79453125 0.084375 0.034375
2 0.42109375 0.7921875 0.08203125 0.03359375
2 0.15 0.728125 0.05859375 0.15234375