3 0.49375 0.28984375 0.0484375 0.07578125
3 0.496875 0.41484375 0.05078125 0.05859375
3 0.3171875 0.3703125 0.059375 0.134375
3 0.3140625 0.60234375 0.06328125 0.1328125
3 0.7109375 0.8625 0.0796875 0.146875
2 0.253125 0.14296875 0.1515625 0.05390625
2 0.48359375 0.5765625 0.03046875 0.08125
2 0.18671875 0.42265625 0.0328125 0.08125
2 0.17890625 0.60078125 0.0328125 0.08359375
2 0.69921875 0.47265625 0.08203125 0.03515625
2 0.70234375 0.3109375 0.08828125 0.0359375
2 0.70390625 0.24140625 0.08515625 0.03671875