3 0.465625 0.06796875 0.14375 0.1359375
3 0.678125 0.47421875 0.115625 0.1421875
3 0.553125 0.6828125 0.121875 0.146875
3 0.35546875 0.65390625 0.0796875 0.084375
1 0.3875 0.19453125 0.1078125 0.0859375
1 0.35390625 0.24921875 0.0984375 0.0765625
2 0.51328125 0.41484375 0.0765625 0.096875
2 0.7921875 0.55078125 0.0734375 0.0890625
2 0.69609375 0.703125 0.071875 0.090625
2 0.27265625 0.4 0.0890625 0.0734375
2 0.14765625 0.59921875 0.0875 0.071875
0 0.590625 0.2734375 0.153125 0.1578125
0 0.31171875 0.31953125 0.146875 0.14375
0 0.2171875 0.47578125 0.153125 0.1515625