0 0.63828125 0.28671875 0.14375 0.1421875
0 0.72578125 0.44296875 0.1453125 0.14375
0 0.62578125 0.69765625 0.1484375 0.153125
3 0.42109375 0.32109375 0.084375 0.090625
3 0.3015625 0.47734375 0.1171875 0.1453125
3 0.41640625 0.678125 0.115625 0.140625
3 0.8703125 0.69921875 0.1359375 0.1640625
1 0.76328125 0.5078125 0.0984375 0.0765625
1 0.79140625 0.56171875 0.09375 0.0734375
2 0.56484375 0.16953125 0.090625 0.071875
2 0.67421875 0.36953125 0.0921875 0.0734375
2 0.54453125 0.56328125 0.0703125 0.0859375
2 0.2171875 0.58515625 0.0671875 0.084375
2 0.2984375 0.734375 0.071875 0.0890625