1 0.68515625 0.3109375 0.053125 0.0984375
1 0.7484375 0.32265625 0.053125 0.0984375
2 0.52109375 0.284375 0.053125 0.0875
2 0.2921875 0.22890625 0.0515625 0.090625
2 0.58203125 0.5140625 0.09375 0.0546875
2 0.546875 0.8171875 0.0984375 0.0546875
2 0.37578125 0.77734375 0.09375 0.053125
3 0.3109375 0.44296875 0.08125 0.0703125
3 0.346875 0.63984375 0.140625 0.0875
3 0.58203125 0.6890625 0.1359375 0.08125
3 0.90703125 0.35390625 0.159375 0.1015625
0 0.4296875 0.25859375 0.1296875 0.134375
0 0.6078125 0.296875 0.1203125 0.13125
0 0.740625 0.5390625 0.1359375 0.125