2 0.284375 0.465625 0.0921875 0.05625
2 0.503125 0.425 0.053125 0.08125
2 0.78359375 0.478125 0.053125 0.0859375
2 0.7359375 0.63515625 0.0515625 0.0890625
2 0.60625 0.86640625 0.1453125 0.0875
2 0.2234375 0.6734375 0.0828125 0.0515625
2 0.24375 0.61171875 0.0890625 0.0578125
3 0.378125 0.11328125 0.109375 0.1546875
3 0.659375 0.434375 0.090625 0.1375
3 0.609375 0.6484375 0.0796875 0.1296875
3 0.44921875 0.56796875 0.065625 0.075
3 0.41796875 0.67265625 0.0703125 0.078125
1 0.328125 0.30703125 0.090625 0.0546875