1 0.48203125 0.8375 0.08125 0.0921875
1 0.5328125 0.7984375 0.078125 0.0875
3 0.3265625 0.4828125 0.1375 0.125
3 0.5046875 0.3375 0.1328125 0.11875
3 0.68125 0.4296875 0.0859375 0.0828125
3 0.36640625 0.93046875 0.1515625 0.1390625
2 0.25 0.36875 0.084375 0.075
2 0.38828125 0.265625 0.0875 0.078125
2 0.64453125 0.15234375 0.1359375 0.1546875
2 0.66171875 0.6890625 0.0734375 0.0828125
2 0.79140625 0.5953125 0.075 0.0828125
2 0.8421875 0.55390625 0.0734375 0.0828125
2 0.45390625 0.5859375 0.0859375 0.0765625