3 0.3390625 0.103125 0.0984375 0.159375
3 0.68515625 0.409375 0.075 0.1375
3 0.65 0.64453125 0.084375 0.1453125
3 0.475 0.5765625 0.065625 0.078125
3 0.44921875 0.6890625 0.0734375 0.075
0 0.55859375 0.115625 0.1484375 0.1625
0 0.53203125 0.2609375 0.115625 0.128125
0 0.2609375 0.58046875 0.1359375 0.1296875
1 0.31953125 0.25390625 0.1 0.0546875
1 0.30859375 0.3140625 0.0984375 0.0515625
2 0.28671875 0.48984375 0.096875 0.0484375
2 0.51328125 0.41640625 0.046875 0.090625
2 0.8171875 0.43984375 0.05 0.09375
2 0.78359375 0.61171875 0.046875 0.0921875
2 0.671875 0.871875 0.1734375 0.078125
2 0.24765625 0.7140625 0.096875 0.0515625