0 0.4625 0.2625 0.10078125 0.10703125
0 0.46171875 0.1171875 0.12265625 0.140625
0 0.25703125 0.43125 0.10703125 0.09765625
0 0.25859375 0.60390625 0.10625 0.1
3 0.45 0.6828125 0.05390625 0.06015625
1 0.2578125 0.2875 0.09453125 0.034375
1 0.2578125 0.3546875 0.09453125 0.0328125
2 0.46640625 0.4125 0.03359375 0.0796875
2 0.26484375 0.51796875 0.0875 0.03359375
2 0.259375 0.7390625 0.0828125 0.03203125
2 0.759375 0.38515625 0.03046875 0.0828125
2 0.75546875 0.55546875 0.0328125 0.07578125
2 0.69453125 0.82421875 0.15546875 0.05703125