1 0.7125 0.3421875 0.065625 0.1
1 0.7734375 0.3640625 0.065625 0.1
2 0.5546875 0.28984375 0.0640625 0.0890625
2 0.3375 0.2 0.0640625 0.0921875
2 0.578125 0.5265625 0.0953125 0.065625
2 0.496875 0.82109375 0.1 0.0671875
2 0.33359375 0.75390625 0.0953125 0.065625
3 0.321875 0.4140625 0.0859375 0.078125
3 0.32734375 0.6140625 0.14375 0.1046875
3 0.5515625 0.7 0.1390625 0.096875
3 0.92109375 0.41953125 0.1578125 0.1203125
0 0.46875 0.25 0.1421875 0.146875
0 0.63828125 0.31640625 0.1328125 0.140625
0 0.73203125 0.5765625 0.146875 0.1375