0 0.190625 0.740625 0.1921875 0.1890625
0 0.309375 0.6515625 0.1484375 0.146875
0 0.72421875 0.60234375 0.1640625 0.165625
0 0.578125 0.71171875 0.1515625 0.1546875
3 0.34296875 0.9 0.1640625 0.1515625
3 0.56484375 0.45859375 0.090625 0.0890625
3 0.659375 0.39296875 0.09375 0.09375
1 0.46171875 0.8 0.0828125 0.0921875
1 0.5125 0.76328125 0.08125 0.0921875
2 0.2203125 0.325 0.090625 0.08125
2 0.359375 0.21796875 0.0890625 0.0796875
2 0.43046875 0.54921875 0.0921875 0.0828125
2 0.64609375 0.65078125 0.0765625 0.084375
2 0.82890625 0.5109375 0.0765625 0.0859375
2 0.625 0.10546875 0.14375 0.1609375