3 0.25546875 0.14375 0.08046875 0.15390625
3 0.65078125 0.3921875 0.05859375 0.1296875
3 0.6515625 0.6375 0.06015625 0.13046875
3 0.46328125 0.71484375 0.05390625 0.07265625
1 0.26171875 0.30390625 0.09375 0.0359375
1 0.26328125 0.36953125 0.09375 0.0375
0 0.475 0.26796875 0.11015625 0.121875
0 0.25234375 0.63125 0.12734375 0.10390625
2 0.265625 0.5390625 0.08828125 0.03515625
2 0.48046875 0.4296875 0.03203125 0.09140625
2 0.78984375 0.4046875 0.03515625 0.09453125
2 0.78359375 0.584375 0.03671875 0.09375
2 0.2609375 0.77421875 0.0953125 0.0375