3 0.55078125 0.078125 0.1515625 0.15625
3 0.70625 0.51015625 0.1234375 0.1359375
3 0.5609375 0.69921875 0.134375 0.146875
3 0.44140625 0.55546875 0.0875 0.0890625
3 0.3640625 0.640625 0.090625 0.090625
0 0.7375 0.1921875 0.190625 0.1921875
0 0.64453125 0.30625 0.1484375 0.15
0 0.2515625 0.4546875 0.1640625 0.1625
1 0.46171875 0.19765625 0.0984375 0.0890625
1 0.42265625 0.24453125 0.096875 0.0859375
2 0.31796875 0.3875 0.09375 0.084375
2 0.5515625 0.43359375 0.0796875 0.0890625
2 0.80703125 0.60078125 0.084375 0.0921875
2 0.69453125 0.73515625 0.08125 0.090625
2 0.4703125 0.90859375 0.1640625 0.14375
2 0.17578125 0.56484375 0.0953125 0.0859375