0 0.24765625 0.38046875 0.165625 0.165625
0 0.66640625 0.2953125 0.153125 0.153125
0 0.778125 0.190625 0.1984375 0.196875
3 0.33203125 0.584375 0.1 0.0984375
3 0.42109375 0.5125 0.0984375 0.096875
3 0.61171875 0.0625 0.1671875 0.125
3 0.5171875 0.68125 0.1484375 0.1421875
3 0.69609375 0.51171875 0.1390625 0.134375
1 0.45390625 0.19765625 0.0921875 0.096875
1 0.50078125 0.1546875 0.090625 0.0953125
2 0.553125 0.40703125 0.090625 0.0875
2 0.78359375 0.61640625 0.0921875 0.0875
2 0.64765625 0.7359375 0.0921875 0.0875
2 0.39375 0.875 0.15625 0.1640625
2 0.15 0.4796875 0.084375 0.0890625
2 0.32265625 0.321875 0.0828125 0.0859375