0 0.5078125 0.740625 0.10546875 0.11796875
0 0.728125 0.56015625 0.1140625 0.10078125
0 0.73046875 0.37890625 0.121875 0.103125
3 0.52109375 0.28984375 0.05390625 0.07265625
3 0.3265625 0.37421875 0.06484375 0.13671875
3 0.328125 0.61796875 0.05703125 0.13046875
3 0.72890625 0.871875 0.07578125 0.15234375
2 0.1984375 0.4265625 0.0328125 0.0921875
2 0.19296875 0.6078125 0.0359375 0.090625
2 0.50234375 0.578125 0.0328125 0.09375
2 0.72265625 0.47109375 0.08984375 0.03828125
2 0.725 0.2328125 0.09375 0.03515625