1 0.75234375 0.6484375 0.0890625 0.03359375
3 0.553125 0.4171875 0.05703125 0.0609375
3 0.36875 0.37421875 0.06015625 0.13671875
3 0.37734375 0.6140625 0.06953125 0.13046875
3 0.7671875 0.86015625 0.0828125 0.14609375
2 0.30625 0.15546875 0.15625 0.05859375
2 0.2375 0.43359375 0.034375 0.08203125
2 0.2328125 0.61015625 0.0359375 0.078125
2 0.53671875 0.58046875 0.0359375 0.07890625
2 0.74921875 0.47109375 0.0859375 0.03515625
2 0.75 0.31015625 0.084375 0.034375
2 0.75234375 0.24140625 0.08359375 0.03515625