2 0.1984375 0.33359375 0.0546875 0.096875
2 0.42109375 0.2734375 0.0546875 0.0984375
2 0.58046875 0.45 0.0953125 0.0578125
2 0.6890625 0.7359375 0.0921875 0.05625
2 0.51640625 0.77890625 0.0875 0.0546875
0 0.3328125 0.28984375 0.13125 0.140625
0 0.50859375 0.24296875 0.125 0.1390625
0 0.734375 0.4015625 0.14375 0.1328125
1 0.6421875 0.2078125 0.05625 0.09375
3 0.30703125 0.5109375 0.078125 0.06875
3 0.43046875 0.66953125 0.140625 0.090625
3 0.6609375 0.60625 0.140625 0.0875
3 0.8 0.1609375 0.1640625 0.109375