0 0.24921875 0.37578125 0.1640625 0.165625
0 0.6703125 0.2984375 0.153125 0.153125
0 0.78359375 0.1953125 0.1984375 0.196875
3 0.33046875 0.58125 0.1 0.0984375
3 0.4203125 0.5109375 0.0984375 0.0953125
3 0.6203125 0.0625 0.16875 0.125
3 0.5140625 0.68125 0.1484375 0.1421875
3 0.69609375 0.51484375 0.140625 0.1328125
1 0.459375 0.196875 0.090625 0.096875
1 0.50703125 0.1546875 0.0890625 0.0953125
2 0.5546875 0.4078125 0.090625 0.0859375
2 0.78203125 0.621875 0.0921875 0.0875
2 0.64296875 0.7390625 0.0921875 0.0875
2 0.3875 0.8734375 0.1546875 0.1640625
2 0.15 0.47421875 0.084375 0.090625
2 0.32578125 0.31875 0.08125 0.0859375