2 0.403125 0.703125 0.071875 0.0828125
2 0.53515625 0.79609375 0.071875 0.0828125
2 0.5890625 0.83359375 0.0734375 0.084375
2 0.4359375 0.4703125 0.08125 0.0703125
2 0.5796875 0.20625 0.0890625 0.078125
2 0.7203125 0.30546875 0.0890625 0.0765625
2 0.9109375 0.51328125 0.13125 0.1546875
3 0.56171875 0.56953125 0.0828125 0.08125
3 0.49609375 0.31640625 0.1359375 0.121875
3 0.6921875 0.440625 0.1390625 0.121875
3 0.0796875 0.4953125 0.1546875 0.1375
1 0.21015625 0.57890625 0.0796875 0.0921875
1 0.25625 0.60859375 0.0765625 0.0890625