0 0.3921875 0.2421875 0.1109375 0.1234375
0 0.7609375 0.459375 0.1125 0.1046875
0 0.9140625 0.45625 0.1515625 0.128125
3 0.31875 0.45 0.078125 0.0625
3 0.4328125 0.45625 0.078125 0.059375
3 0.8890625 0.2359375 0.1515625 0.08203125
3 0.39140625 0.64609375 0.13828125 0.0671875
3 0.63828125 0.63984375 0.13203125 0.06171875
1 0.66796875 0.24453125 0.0359375 0.09765625
1 0.73203125 0.24375 0.03515625 0.09609375
2 0.6015625 0.46640625 0.0890625 0.03671875
2 0.6328125 0.7765625 0.0921875 0.03515625
2 0.4515625 0.77421875 0.08984375 0.0375
2 0.1703125 0.7078125 0.06015625 0.165625
2 0.253125 0.25078125 0.0328125 0.090625
2 0.4875 0.24921875 0.03671875 0.08203125