2 0.39375 0.178125 0.08203125 0.0390625
2 0.56328125 0.18046875 0.078125 0.03515625
2 0.8421875 0.24296875 0.06015625 0.14765625
2 0.75625 0.68984375 0.03359375 0.0796875
2 0.5296875 0.6875 0.034375 0.08125
2 0.41953125 0.47890625 0.08828125 0.03515625
1 0.2953125 0.69453125 0.03515625 0.08125
1 0.3625 0.69375 0.03515625 0.08359375
3 0.6953125 0.49296875 0.06796875 0.05859375
0 0.43984375 0.690625 0.1 0.11015625
0 0.26640625 0.48203125 0.11171875 0.09921875
0 0.12265625 0.48359375 0.15234375 0.12421875