2 0.3765625 0.23125 0.0890625 0.0375
2 0.55234375 0.23046875 0.0796875 0.0375
2 0.83671875 0.2921875 0.0671875 0.146875
2 0.4125 0.53828125 0.0859375 0.0390625
2 0.52421875 0.75078125 0.034375 0.0828125
2 0.68984375 0.75 0.034375 0.0859375
2 0.75859375 0.7484375 0.034375 0.0875
3 0.36875 0.3765625 0.13125 0.0671875
3 0.60625 0.36328125 0.13125 0.0625
3 0.57578125 0.5484375 0.071875 0.059375
3 0.69375 0.546875 0.0765625 0.059375
3 0.125 0.7765625 0.1484375 0.0875
1 0.284375 0.7609375 0.0375 0.0859375