1 0.6421875 0.2765625 0.034375 0.09375
1 0.70625 0.275 0.03359375 0.09375
2 0.47578125 0.284375 0.03671875 0.08125
2 0.240625 0.278125 0.03515625 0.0859375
2 0.5828125 0.496875 0.0875 0.0375
2 0.61171875 0.80078125 0.09296875 0.0359375
2 0.4359375 0.796875 0.0875 0.0359375
3 0.303125 0.48359375 0.0703125 0.05625
3 0.3796875 0.66875 0.13125 0.0609375
3 0.61953125 0.66796875 0.12734375 0.05546875
3 0.86796875 0.27265625 0.1484375 0.071875
0 0.38125 0.278125 0.10859375 0.11484375
0 0.56328125 0.27890625 0.09921875 0.11328125
0 0.74375 0.48828125 0.11796875 0.10234375