2 0.45078125 0.19296875 0.0890625 0.0515625
2 0.61875 0.23359375 0.090625 0.0515625
2 0.41328125 0.49375 0.0921875 0.0546875
2 0.47109375 0.71875 0.0515625 0.0890625
2 0.6921875 0.7734375 0.0546875 0.0890625
1 0.24765625 0.67890625 0.0546875 0.0875
1 0.30703125 0.69296875 0.0546875 0.0875
3 0.409375 0.3203125 0.1390625 0.0875
3 0.6421875 0.3703125 0.1375 0.0859375
3 0.678125 0.565625 0.078125 0.0703125
3 0.0875 0.64609375 0.1640625 0.109375
0 0.25390625 0.46640625 0.1453125 0.1359375
0 0.55625 0.746875 0.1265625 0.134375
0 0.38359375 0.7078125 0.1234375 0.1328125