1 0.68046875 0.2625 0.0421875 0.0921875
1 0.73828125 0.26875 0.040625 0.0921875
2 0.59140625 0.47421875 0.0921875 0.0453125
2 0.50546875 0.253125 0.0421875 0.0890625
2 0.275 0.221875 0.0421875 0.0875
2 0.4109375 0.75703125 0.0828125 0.04375
2 0.58671875 0.78125 0.0859375 0.046875
3 0.31484375 0.4328125 0.075 0.0640625
3 0.43359375 0.44453125 0.071875 0.065625
3 0.3671875 0.62578125 0.140625 0.0734375
3 0.60625 0.6484375 0.1375 0.0734375
3 0.89765625 0.28359375 0.1546875 0.090625
0 0.75234375 0.48515625 0.1296875 0.11875
0 0.41171875 0.234375 0.125 0.125
0 0.59609375 0.25546875 0.1125 0.1234375