2 0.53671875 0.721875 0.0328125 0.07734375
2 0.6984375 0.72265625 0.03359375 0.078125
2 0.7640625 0.721875 0.03359375 0.0796875
2 0.43046875 0.5125 0.07734375 0.03203125
2 0.396875 0.2140625 0.0828125 0.03671875
2 0.56875 0.2140625 0.0859375 0.03359375
2 0.84453125 0.275 0.05546875 0.14921875
3 0.590625 0.521875 0.06328125 0.0546875
3 0.39140625 0.3515625 0.12421875 0.0609375
3 0.6234375 0.340625 0.1296875 0.0578125
3 0.153125 0.7375 0.14140625 0.06875
1 0.3078125 0.73125 0.03359375 0.08984375
1 0.3625 0.72890625 0.03359375 0.084375