2 0.2828125 0.52265625 0.0859375 0.0359375
2 0.48359375 0.4265625 0.034375 0.075
2 0.76796875 0.40546875 0.034375 0.0796875
2 0.76328125 0.56953125 0.03125 0.084375
2 0.69765625 0.8265625 0.13515625 0.0546875
2 0.278125 0.7390625 0.07734375 0.03203125
2 0.28125 0.67421875 0.08203125 0.0375
3 0.28203125 0.1578125 0.075 0.140625
3 0.63671875 0.3953125 0.06015625 0.12578125
3 0.64375 0.61484375 0.05 0.12109375
3 0.46875 0.57890625 0.05078125 0.06328125
3 0.465625 0.68828125 0.0546875 0.06640625
1 0.28359375 0.3578125 0.084375 0.034375