0 0.7265625 0.384375 0.10703125 0.103125
0 0.72421875 0.56328125 0.10859375 0.103125
0 0.51015625 0.734375 0.1046875 0.115625
3 0.52109375 0.30546875 0.05703125 0.07109375
3 0.33984375 0.38125 0.0578125 0.13359375
3 0.33828125 0.6125 0.0609375 0.1265625
3 0.72109375 0.8578125 0.07265625 0.146875
1 0.72421875 0.63828125 0.09296875 0.03515625
1 0.721875 0.69921875 0.08828125 0.03359375
2 0.721875 0.24609375 0.084375 0.03515625
2 0.71640625 0.47421875 0.08671875 0.03515625
2 0.50703125 0.57734375 0.03515625 0.0796875
2 0.2125 0.43203125 0.03125 0.0796875
2 0.20859375 0.60234375 0.034375 0.0828125