2 0.2515625 0.2609375 0.0328125 0.09140625
2 0.48203125 0.2609375 0.03203125 0.09375
2 0.590625 0.47265625 0.08984375 0.03515625
2 0.621875 0.7765625 0.0859375 0.03515625
2 0.44375 0.7734375 0.08125 0.034375
0 0.39296875 0.25390625 0.1046875 0.1171875
0 0.575 0.25390625 0.09765625 0.1171875
0 0.7515625 0.465625 0.1203125 0.1046875
1 0.71328125 0.2546875 0.034375 0.08828125
3 0.3109375 0.4609375 0.0671875 0.05390625
3 0.3890625 0.64609375 0.13046875 0.05859375
3 0.628125 0.64453125 0.13125 0.0546875
3 0.87734375 0.25 0.15078125 0.07265625