2 0.11484375 0.359375 0.1578125 0.1359375
2 0.221875 0.61796875 0.071875 0.0828125
2 0.31875 0.759375 0.075 0.084375
2 0.53984375 0.55859375 0.0734375 0.084375
2 0.6453125 0.35390625 0.0859375 0.075
2 0.55390625 0.225 0.084375 0.0734375
2 0.51796875 0.1703125 0.0828125 0.071875
3 0.29296875 0.5 0.1265625 0.1453125
3 0.43359375 0.68046875 0.1203125 0.1328125
3 0.88046875 0.65 0.14375 0.1578125
3 0.4578125 0.42265625 0.08125 0.0859375
1 0.753125 0.4890625 0.0921875 0.078125
1 0.784375 0.53203125 0.090625 0.0796875