2 0.31015625 0.53671875 0.084375 0.034375
2 0.3046875 0.6921875 0.07734375 0.03515625
2 0.30859375 0.7578125 0.07734375 0.03359375
2 0.51328125 0.43515625 0.03046875 0.07578125
2 0.803125 0.41171875 0.03515625 0.078125
2 0.7984375 0.5765625 0.03359375 0.08125
2 0.7328125 0.84453125 0.14921875 0.05390625
3 0.3046875 0.16484375 0.07109375 0.140625
3 0.671875 0.4015625 0.05703125 0.121875
3 0.67890625 0.6265625 0.05390625 0.121875
3 0.49765625 0.58828125 0.05 0.0609375
1 0.3125 0.36796875 0.0859375 0.03515625