2 0.8421875 0.2734375 0.0578125 0.15859375
2 0.3875 0.20390625 0.090625 0.0359375
2 0.56328125 0.20703125 0.0859375 0.034375
2 0.4171875 0.509375 0.0875 0.0359375
2 0.5234375 0.721875 0.034375 0.0875
2 0.7546875 0.72265625 0.034375 0.0859375
3 0.5796875 0.5203125 0.06875 0.05390625
3 0.69453125 0.52890625 0.0625 0.0609375
3 0.128125 0.734375 0.146875 0.07578125
3 0.37734375 0.3375 0.12734375 0.05625
3 0.61953125 0.33359375 0.13046875 0.06171875
0 0.11015625 0.51484375 0.146875 0.12578125
0 0.2578125 0.515625 0.109375 0.10234375
0 0.434375 0.72734375 0.1015625 0.115625
0 0.61796875 0.73125 0.11015625 0.1234375
1 0.2859375 0.73046875 0.0328125 0.09453125
1 0.346875 0.72890625 0.034375 0.09765625