2 0.66328125 0.1234375 0.134375 0.1640625
2 0.24453125 0.31328125 0.0953125 0.0796875
2 0.39375 0.21953125 0.090625 0.075
2 0.4359375 0.553125 0.0921875 0.078125
2 0.640625 0.6734375 0.0765625 0.0921875
2 0.83515625 0.54765625 0.075 0.090625
3 0.578125 0.4734375 0.0875 0.0828125
3 0.67890625 0.41796875 0.0859375 0.084375
3 0.315625 0.89921875 0.1640625 0.14375
3 0.30859375 0.43046875 0.1375 0.1171875
3 0.509375 0.2953125 0.14375 0.1234375
0 0.18125 0.725 0.1921875 0.1859375
0 0.30546875 0.6453125 0.146875 0.1453125
0 0.56875 0.7265625 0.1484375 0.1515625
0 0.725 0.6296875 0.159375 0.1640625
1 0.44609375 0.81015625 0.0796875 0.096875
1 0.49609375 0.775 0.08125 0.1