2 0.38125 0.22890625 0.08828125 0.03671875
2 0.55703125 0.23125 0.0796875 0.0359375
2 0.840625 0.2984375 0.0640625 0.14609375
2 0.41171875 0.53671875 0.0859375 0.0375
2 0.51953125 0.75078125 0.03359375 0.08203125
2 0.68515625 0.753125 0.03359375 0.0859375
2 0.75390625 0.753125 0.0328125 0.0875
3 0.37109375 0.37421875 0.1296875 0.065625
3 0.60859375 0.36484375 0.1296875 0.0609375
3 0.575 0.55 0.07109375 0.0578125
3 0.69296875 0.55 0.07578125 0.0578125
3 0.1203125 0.7703125 0.14765625 0.08515625
1 0.2796875 0.75703125 0.03671875 0.08515625