0 0.1078125 0.51328125 0.15 0.1296875
0 0.25625 0.5109375 0.1140625 0.1046875
0 0.621875 0.71484375 0.115625 0.1265625
0 0.4390625 0.7171875 0.10625 0.1203125
3 0.1375 0.73125 0.15 0.0828125
3 0.5765625 0.5046875 0.0734375 0.059375
3 0.69140625 0.50625 0.071875 0.065625
1 0.29296875 0.7203125 0.0375 0.0921875
1 0.35546875 0.7203125 0.0359375 0.090625
2 0.3765625 0.19375 0.0875 0.0375
2 0.5515625 0.1890625 0.0875 0.0375
2 0.41484375 0.49921875 0.090625 0.0390625
2 0.5296875 0.7078125 0.0359375 0.0828125
2 0.759375 0.70234375 0.0359375 0.0828125
2 0.8328125 0.25390625 0.065625 0.159375