3 0.27890625 0.1328125 0.07578125 0.14921875
3 0.66875 0.38125 0.0546875 0.13046875
3 0.67109375 0.61953125 0.06328125 0.13671875
3 0.4875 0.5796875 0.05546875 0.0703125
3 0.4796875 0.69453125 0.06328125 0.065625
0 0.49765625 0.1109375 0.128125 0.14453125
0 0.49453125 0.25859375 0.09921875 0.11328125
0 0.2765625 0.6171875 0.1203125 0.11171875
1 0.28359375 0.28515625 0.09453125 0.03984375
1 0.28203125 0.34609375 0.09375 0.03671875
2 0.2875 0.5234375 0.09296875 0.034375
2 0.5 0.415625 0.03359375 0.0859375
2 0.80390625 0.390625 0.03671875 0.0890625
2 0.79765625 0.565625 0.03359375 0.08828125
2 0.728125 0.840625 0.16640625 0.053125
2 0.284375 0.75078125 0.09296875 0.03671875